NTComplexTable 
    string[] labels [secondsPastEpoch,values,nanoseconds,severity,status]
    structure value
        long[] secondsPastEpoch [1474407113,1476282655,1476283523,1476310175,1477345129,1478404282,1478468665,1478578902,1479537144,1479647548,1480621806,1482222640,1482259558,1482526490,1482865646,1485291578,1485827412,1485969551,1485975005,1486146374,1486149021,1486150509,1486421202,1487111600,1487172940,1487704894,1487711822,1488385785,1488409597,1488845577,1490291575,1490555415,1490820779,1491411402,1491491834,1491499673,1491834366,1492725488,1492806989,1493666360,1493668231,1493749157,1493749164,1493749172,1495044172,1495523907,1495540662,1497113500,1497298138,1498061737,1502138172,1503523396,1504206946,1504207436,1505265555,1505265600,1505270218,1505285702,1505310167,1505317847,1505321024,1505939399]
        int[] values [0,0,0,0,0,0,0,0,0,0,0,0,0,0,0,0,0,0,0,0,0,0,0,0,0,0,0,0,0,0,0,0,0,1,1,1,1,1,1,1,1,0,1,0,0,0,0,0,0,0,0,0,0,0,0,0,1,0,0,0,0,0]
        int[] nanoseconds [265969904,224126904,288532865,251108277,768590624,870621301,804127591,249954778,920400966,209061821,860347005,854012481,800091095,140449078,767768470,750095795,341276332,134457235,546175420,343540438,537859607,643839234,716697285,719883686,215223536,468342842,979798068,847761414,597741974,781785192,676684630,742755804,777894,588207254,684939992,290117827,393970988,407551067,141416856,735509335,875264563,66905329,67061884,67695456,936296319,960539618,231703323,895217171,941506787,517560653,726345728,142328221,403013788,440928210,843377003,830095407,200064866,320679999,767996747,341854043,581601777,249413929]
        int[] severity [0,0,0,0,0,0,0,0,0,0,0,3,3,3,3,3,3,3,3,3,3,3,3,3,3,3,3,3,3,3,3,3,3,2,3,2,3,2,2,3,2,0,2,0,0,0,0,0,0,0,0,0,3,0,3,3,2,0,0,0,0,0]
        int[] status [0,0,0,0,0,0,0,0,0,0,0,1,1,1,1,1,1,1,1,1,1,1,1,1,1,1,1,1,1,1,1,1,1,7,1,7,1,7,7,1,7,0,7,0,0,0,0,0,0,0,0,0,1,0,1,1,7,0,0,0,0,0]


