NTComplexTable 
    string[] labels [secondsPastEpoch,values,nanoseconds,severity,status]
    structure value
        long[] secondsPastEpoch [1470935352,1475684662,1478718001,1480611691,1482170806,1485218175,1495117899,1495118014,1495118170,1495186438,1495186595,1496573067,1505320950,1505937137,1505939418]
        double[] values [239.304,239.304,239.304,239.304,239.304,239.304,236.682,236.516,230.508,230.653,230.928,221.471,221.471,221.471,221.471]
        int[] nanoseconds [337268471,469236072,330107972,458786536,474412082,313406129,349004395,293553938,376963905,98118349,707670151,296856315,640846922,902859622,205069492]
        int[] severity [0,0,0,0,0,0,0,0,0,0,0,0,0,0,0]
        int[] status [0,0,0,0,0,0,0,0,0,0,0,0,0,0,0]


