NTComplexTable 
    string[] labels [secondsPastEpoch,values,nanoseconds,severity,status]
    structure value
        long[] secondsPastEpoch [1474407113,1475684732,1476283523,1476310175,1476895329,1477345128,1478116559,1478404283,1478637862,1478729840,1480705995,1482222640,1482526488,1485291580,1485886203,1485969525,1485975006,1486146335,1486149021,1486150483,1486421202,1487111600,1487704924,1487718466,1488385773,1488409601,1488845577,1489684675,1489694848,1490820779,1491411402,1491491834,1491499673,1491834366,1492725488,1492806989,1493666360,1493668231,1493749161,1493749165,1494865606,1497113500,1501020737,1502138171,1503523396,1503532300,1504206946,1504207436,1504400764,1505265555,1505265597,1505270218,1505310178,1505317847,1505932286,1505936292,1505939400]
        int[] values [0,0,0,0,0,0,0,0,0,0,0,0,0,0,0,0,0,0,0,0,0,0,0,0,0,0,0,0,0,0,0,0,0,0,0,0,0,0,1,0,0,0,0,0,0,0,0,0,0,0,0,0,0,0,0,0,0]
        int[] nanoseconds [265957980,713164596,288522751,251097223,789240100,768366279,11220616,869619603,712886071,678279628,229955279,853981117,140247102,751481311,802707571,133389964,547120364,341774079,537849790,642411934,716690680,719878072,470477402,472955647,847663043,597370703,781778981,406135425,179288961,771925,588173838,684904476,290103482,393953833,407538173,141410202,735495504,875251398,66888667,67857281,607601918,895205927,295607506,727066550,142321464,824482091,402971767,440856887,906710177,842476990,830573610,199858627,770393486,341848443,699790040,11149430,249457964]
        int[] severity [0,0,0,0,0,0,0,0,0,0,0,3,3,3,3,3,3,3,3,3,3,3,3,3,3,3,3,3,3,3,0,3,0,3,0,0,3,0,2,0,0,0,0,0,0,0,3,0,0,3,3,0,0,0,0,0,0]
        int[] status [0,0,0,0,0,0,0,0,0,0,0,1,1,1,1,1,1,1,1,1,1,1,1,1,1,1,1,1,1,1,0,1,0,1,0,0,1,0,7,0,0,0,0,0,0,0,1,0,0,1,1,0,0,0,0,0,0]


