NTComplexTable 
    string[] labels [secondsPastEpoch,values,nanoseconds,severity,status]
    structure value
        long[] secondsPastEpoch [1474819489,1475684689,1476276287,1476282654,1476283523,1476310357,1476735588,1476737261,1476998818,1477345129,1477951758,1478699364,1478722475,1478729841,1479403925,1479406690,1480603029,1480607501,1480611682,1480619126,1480691218,1482167028,1482195883,1482200901,1482201974,1482219668,1482222640,1482526488,1485213933,1485218165,1485221922,1485291575,1485969580,1485975005,1486146336,1486149020,1486150481,1486421202,1487111600,1487205421,1487704864,1488385792,1488394262,1488409597,1488845603,1489184899,1490454979,1490820780,1491411402,1491491834,1491499673,1491834366,1492068242,1492725488,1492806989,1493666360,1493668231,1494455861,1494460130,1494460817,1494476628,1494480845,1494616021,1494627428,1494848766,1494865606,1494879287,1494896415,1494964824,1495070210,1495079170,1495203057,1495229095,1495461637,1495483725,1495540667,1495791195,1496582304,1496586358,1496587255,1496591553,1496666415,1496668530,1496779336,1497042358,1497113500,1497285237,1497377168,1497381527,1497666592,1498939581,1498941503,1500986893,1501031385,1501034522,1501034901,1501087240,1501092311,1502122543,1502130481,1502138172,1503489719,1503513518,1503523396,1503532299,1503885257,1504198145,1504200182,1504201098,1504201350,1504206946,1504207436,1504209566,1505265555,1505265592,1505270218,1505292919,1505310178,1505317847,1505321091,1505910574,1505932290,1505936653,1505943580,1505946291]
        int[] values [0,0,1,1,1,0,1,0,0,0,0,1,0,0,1,0,1,1,1,0,0,1,0,1,0,1,1,1,1,1,1,1,1,1,1,1,1,1,1,1,1,1,1,1,1,1,1,1,1,1,1,1,1,1,1,1,1,0,1,0,1,0,1,0,1,1,0,1,0,1,0,1,0,1,0,0,0,1,0,1,0,1,0,0,1,1,0,1,0,0,1,0,1,0,1,0,1,0,1,0,0,1,0,0,0,0,1,0,1,0,0,1,0,0,0,1,0,0,0,0,1,1,1,0,0]
        int[] nanoseconds [176801643,710078613,752387227,223858474,288568977,263083472,630628244,757339718,669949572,768612486,449131122,388558517,123563830,678736840,775489987,991715183,419185850,761480661,75329382,653540550,106858153,634039715,779433892,164731488,248656636,617863366,854525561,140276309,867658364,190080409,469234177,756165762,136295967,546197103,341854117,538112399,641921310,716718428,719904489,627551802,466041620,850484855,465531916,597778581,784413798,562415196,91823314,938944,588720001,685673493,290484990,394748427,926806647,408754765,141441002,735853365,875762911,840621542,165723597,216595653,440305306,757913592,60594444,917914128,375814996,607629474,609385390,868598694,977937750,860444108,520020290,801292965,794254692,300081290,11069695,232168156,366413087,495458093,798203191,865408935,197567499,876265913,33910540,462156317,301995638,895259109,947764310,921919709,253344094,800597812,824766411,973043722,733481950,106397769,343209550,369266500,322444830,700079880,360405554,976985519,726372818,37246438,822099607,142352142,824252508,373986561,750342458,907055290,975484085,993614712,403826671,442608898,598394784,845464213,829698156,201470885,848345823,770451060,341877466,587402005,2430664,700135832,38752942,575922799,783970388]
        int[] severity [0,0,2,2,2,0,2,0,0,0,0,2,0,0,2,0,2,2,2,0,0,2,0,2,0,2,3,3,3,3,3,3,3,3,3,3,3,3,3,3,3,3,3,3,3,3,3,3,2,3,2,3,3,2,2,3,2,0,2,0,2,0,2,0,2,2,0,2,0,2,0,2,0,2,0,0,0,2,0,2,0,2,0,0,2,2,0,2,0,0,2,0,2,0,2,0,2,0,2,0,0,2,0,0,0,0,2,0,2,0,3,2,0,3,3,2,0,0,0,0,2,2,2,0,0]
        int[] status [0,0,7,7,7,0,7,0,0,0,0,7,0,0,7,0,7,7,7,0,0,7,0,7,0,7,1,1,1,1,1,1,1,1,1,1,1,1,1,1,1,1,1,1,1,1,1,1,7,1,7,1,1,7,7,1,7,0,7,0,7,0,7,0,7,7,0,7,0,7,0,7,0,7,0,0,0,7,0,7,0,7,0,0,7,7,0,7,0,0,7,0,7,0,7,0,7,0,7,0,0,7,0,0,0,0,7,0,7,0,1,7,0,1,1,7,0,0,0,0,7,7,7,0,0]


