NTComplexTable 
    string[] labels [secondsPastEpoch,values,nanoseconds,severity,status]
    structure value
        long[] secondsPastEpoch [1482865646,1485218187,1485291578,1485827405,1485969499,1485975006,1486146322,1486149011,1486150484,1486421202,1487111603,1487172940,1487704865,1487711820,1487718676,1488385786,1488409600,1488845568,1490291624,1490555415,1490820781,1492806289,1494455883,1494460132,1494464167,1494476630,1494490477,1494564949,1494580146,1494616024,1494627812,1494848771,1494879640,1494896417,1494964975,1495034573,1495034638,1495044172,1495070212,1495079616,1495203060,1495229551,1495269958,1495269973,1495461640,1495484671,1495523907,1495540662,1495766518,1495766683,1495887147,1495887162,1496259862,1496260158,1496449660,1496449680,1496578548,1496580973,1496581827,1496586367,1496587172,1496596170,1496622525,1496669783,1496805340,1496816322,1496994382,1496994402,1497042362,1497113501,1497285898,1497298139,1497377169,1497381674,1498061736,1498903902,1498903917,1498939585,1498941895,1499234657,1499234702,1499459526,1499459611,1500005575,1500005625,1500040853,1500040874,1500063085,1500063095,1500986896,1501032040,1501034523,1501035738,1501087241,1501092565,1502122546,1502130759,1502138104,1502666968,1502667013,1502911552,1502911592,1502970892,1502970917,1503489720,1503514180,1503784784,1503784799,1503794568,1503794583,1504198138,1504201417,1504207121,1504209570,1505083004,1505083024,1505141875,1505141994,1505265601,1505293760,1505294810,1505294830,1505294835,1505310169,1505317848,1505320952,1505321026,1505910574,1505937149,1505937173,1505939423,1505939455,1505943584,1507022895,1507029644,1508328783,1508344605,1508345428,1508345464,1508359282,1509378689,1509378720,1509389287,1510012471,1510012486,1510069196,1510077875,1510109816,1510111980,1510775956,1510775971,1511265199,1511265795,1511418584,1511421803,1511720751,1511720846,1511809256,1511875087,1511889934,1511893071,1511897451,1511921014,1512880924,1512880944,1513108119,1513110174,1513471183,1513474738,1513506447,1513508821,1514013366]
        double[] values [1,0,0,0,0,0,0,0,0,0,0,0,0,0,1,1,1,1,1,1,1,1,0,1,0,1,0,1,0,1,0,1,0,1,0,1,0,0,1,0,1,0,1,0,1,0,0,0,1,0,1,0,1,0,1,0,1,0,1,0,1,0,1,0,1,0,1,0,1,1,0,0,1,0,0,1,0,1,0,1,0,1,0,1,0,1,0,1,0,1,0,1,0,1,0,1,0,0,1,0,1,0,1,0,1,0,1,0,1,0,1,0,1,0,1,0,1,0,0,1,0,1,0,0,0,0,0,1,0,1,0,1,0,1,0,1,1,0,1,0,0,0,0,1,0,1,0,1,0,1,0,1,0,1,0,1,0,0,1,1,1,1,0,1,0,1,0,1,0,1,0,1]
        int[] nanoseconds [809707330,782727600,821092657,656311713,315988675,759639923,755761403,979710651,96985957,980592184,531870509,502851154,428736423,985187477,537776452,190900079,125331075,73094971,443025213,669711792,116149712,601199969,589590829,913333687,218637894,213305730,272170672,66350124,247283108,985185896,904632933,103365808,447704190,776458685,171472863,604561575,597732862,349463413,390728236,127744282,717376381,790912658,906169516,906334002,664571344,456955598,446501971,733226770,40989260,55090893,325399290,328107444,976477057,1168890,679141166,680057224,606377411,790344897,859039567,210375475,274879284,958959895,980459770,613942595,126167868,985037013,570949362,573733289,260717837,530891539,520747857,457102651,477776186,818557167,859827700,186756817,189378977,844221564,34778077,872897946,877374304,758765252,765224873,232596377,235718184,922062303,922210596,600456631,601685226,588607922,69771086,266385408,358371478,309938538,722659636,28036777,652129175,204787714,415990039,420124224,61006844,65070511,600880455,603399217,83731655,947247326,592547000,594299470,341680327,342370532,8503315,255439371,677809877,865819824,158427460,158610298,620108123,647425261,48542642,251038792,336810567,339968902,342143767,503096824,98291108,99858369,104187904,509512349,362810137,371072808,706922102,673812411,6555921,146880825,644118042,895726085,48566321,458710624,451115919,506034606,447768294,450727240,264432240,84496568,85849569,398533255,43675775,547874307,709249910,244134227,244846342,554356142,599804650,289867928,541896416,570295822,578331062,657079884,655373240,724330302,976002246,316863623,158942956,624079880,624164312,280800195,443260363,310304177,585197418,26836628,203647461,102987435]
        int[] severity [0,0,0,0,0,0,0,0,0,0,0,0,0,0,0,0,0,0,0,0,0,0,0,0,0,0,0,0,0,0,0,0,0,0,0,0,0,0,0,0,0,0,0,0,0,0,0,0,0,0,0,0,0,0,0,0,0,0,0,0,0,0,0,0,0,0,0,0,0,0,0,0,0,0,0,0,0,0,0,0,0,0,0,0,0,0,0,0,0,0,0,0,0,0,0,0,0,0,0,0,0,0,0,0,0,0,0,0,0,0,0,0,0,0,0,0,0,0,0,0,0,0,0,0,0,0,0,0,0,0,0,0,0,0,0,0,0,0,0,0,0,0,0,0,0,0,0,0,0,0,0,0,0,0,0,0,0,0,0,0,0,0,0,0,0,0,0,0,0,0,0,0]
        int[] status [0,0,0,0,0,0,0,0,0,0,0,0,0,0,0,0,0,0,0,0,0,0,0,0,0,0,0,0,0,0,0,0,0,0,0,0,0,0,0,0,0,0,0,0,0,0,0,0,0,0,0,0,0,0,0,0,0,0,0,0,0,0,0,0,0,0,0,0,0,0,0,0,0,0,0,0,0,0,0,0,0,0,0,0,0,0,0,0,0,0,0,0,0,0,0,0,0,0,0,0,0,0,0,0,0,0,0,0,0,0,0,0,0,0,0,0,0,0,0,0,0,0,0,0,0,0,0,0,0,0,0,0,0,0,0,0,0,0,0,0,0,0,0,0,0,0,0,0,0,0,0,0,0,0,0,0,0,0,0,0,0,0,0,0,0,0,0,0,0,0,0,0]


